sprite1,11,2,14,15
sprite2,43,2,14,15
sprite3,75,2,14,15
sprite4,107,2,14,15
sprite5,12,34,16,15
sprite6,107,34,14,15
sprite7,140,34,13,15
sprite8,236,34,17,15
sprite9,44,35,14,14
sprite10,76,35,13,14
sprite11,172,35,15,14
sprite12,204,35,16,14
sprite13,11,66,15,15
sprite14,107,66,15,15
sprite15,139,66,15,15
sprite16,234,66,16,15
sprite17,43,67,15,14
sprite18,75,67,15,14
sprite19,171,67,15,14
sprite20,202,67,16,14
sprite21,6,98,16,15
sprite22,98,98,22,15
sprite23,131,98,20,15
sprite24,233,98,13,15
sprite25,36,99,19,14
sprite26,66,99,22,14
sprite27,167,99,15,14
sprite28,200,99,14,14
sprite29,9,130,15,15
sprite30,105,130,15,15
sprite31,137,130,15,15
sprite32,41,131,15,14
sprite33,73,131,15,14
sprite34,169,131,15,14
sprite35,201,131,14,14
sprite36,233,131,14,14
sprite37,13,162,13,15
sprite38,109,162,13,15
sprite39,141,162,13,15
sprite40,237,162,13,15
sprite41,45,163,13,14
sprite42,77,163,13,14
sprite43,173,163,13,14
sprite44,205,163,13,14
sprite45,12,194,11,15
sprite46,108,194,11,15
sprite47,140,194,11,15
sprite48,236,194,11,15
sprite49,44,195,11,14
sprite50,76,195,11,14
sprite51,172,195,11,14
sprite52,204,195,11,14
sprite53,12,227,11,14
sprite54,108,227,11,14
sprite55,140,227,11,14
sprite56,236,227,11,14
sprite57,44,228,11,13
sprite58,76,228,11,13
sprite59,172,228,11,13
sprite60,204,228,11,13
sprite61,11,258,15,15
sprite62,107,258,15,15
sprite63,139,258,15,15
sprite64,235,258,15,15
sprite65,43,259,15,14
sprite66,75,259,15,14
sprite67,171,259,15,14
sprite68,203,259,15,14
sprite69,12,291,11,14
sprite70,108,291,11,14
sprite71,140,291,11,14
sprite72,236,291,11,14
sprite73,44,292,11,13
sprite74,76,292,11,13
sprite75,172,292,11,13
sprite76,204,292,11,13
sprite77,12,322,11,15
sprite78,108,322,11,15
sprite79,140,322,11,15
sprite80,236,322,11,15
sprite81,44,323,11,14
sprite82,76,323,11,14
sprite83,172,323,11,14
sprite84,204,323,11,14
sprite85,74,354,12,14
sprite86,45,355,18,14
sprite87,10,356,14,13
sprite88,106,356,14,13
sprite89,234,356,13,13
sprite90,171,357,12,12
sprite91,138,358,13,11
sprite92,203,359,13,10
sprite93,210,381,4,4
sprite94,240,381,4,3
sprite95,101,383,23,16
sprite96,132,383,22,16
sprite97,72,384,20,16
sprite98,163,384,21,15
sprite99,11,386,15,15
sprite100,41,386,18,15
sprite101,202,386,10,11
sprite102,233,387,9,9
sprite103,266,388,7,7
sprite104,194,389,5,5
sprite105,226,390,3,3
sprite106,298,390,5,4
sprite107,73,416,14,16
sprite108,104,416,14,16
sprite109,136,416,14,16
sprite110,42,417,14,16
sprite111,168,417,14,16
sprite112,201,417,14,16
sprite113,235,418,14,15
sprite114,12,420,14,13
sprite115,71,448,16,16
sprite116,102,448,16,16
sprite117,134,448,16,16
sprite118,40,449,16,16
sprite119,166,449,16,16
sprite120,199,449,16,16
sprite121,233,450,15,15
sprite122,10,452,16,13
sprite123,10,482,16,15
sprite124,43,482,14,15
sprite125,74,482,14,15
sprite126,108,483,13,14
sprite127,141,483,13,14
sprite128,172,484,16,13
sprite129,205,485,18,12
sprite130,236,487,19,11
sprite131,74,511,19,18
sprite132,44,512,20,17
sprite133,107,514,19,15
sprite134,140,514,21,15
sprite135,172,514,16,15
sprite136,2,515,24,14
sprite137,39,541,20,20
sprite138,71,543,16,18
sprite139,107,544,12,17
sprite140,139,545,12,16
sprite141,171,546,14,15
sprite142,11,547,15,14
sprite143,87,550,1,1
sprite144,69,575,20,18
sprite145,34,576,22,17
sprite146,100,578,19,15
sprite147,129,578,21,15
sprite148,166,578,16,15
sprite149,10,579,22,14
sprite150,41,610,20,22
sprite151,76,610,17,20
sprite152,107,610,12,21
sprite153,139,610,12,21
sprite154,169,610,14,15
sprite155,8,611,15,14
sprite156,10,642,15,15
sprite157,9,674,15,15
sprite158,11,706,15,15
sprite159,9,738,15,15